s0la
ped: 5653.19
ped wid: 41.3247
gain: 1.00861
Fbus.la: 624.858   0.968227
s0ra
ped: 4508.94
ped wid: 42.8195
gain: 1.12749
Fbus.ra: 484.421   1.13707
