s0la
ped: 7293.72
ped wid: 30.6041
gain: 0.709671
Fbus.la: 634.091   0.731695
s0ra
ped: 6761.31
ped wid: 30.3368
gain: 1.48786
Fbus.ra: 387.19   1.54151
